vpc 192.168.0.0/22

pub 192.168.0.0/24
------------------
Network:   192.168.0.0/24        11000000.10101000.00000000 .00000000 (Class C)
Broadcast: 192.168.0.255         11000000.10101000.00000000 .11111111
HostMin:   192.168.0.1           11000000.10101000.00000000 .00000001
HostMax:   192.168.0.254         11000000.10101000.00000000 .11111110
Hosts/Net: 254



priv 192.168.2.0/23
---------
Network:   192.168.2.0/23        11000000.10101000.0000001 0.00000000 (Class C)
Broadcast: 192.168.3.255         11000000.10101000.0000001 1.11111111
HostMin:   192.168.2.1           11000000.10101000.0000001 0.00000001
HostMax:   192.168.3.254         11000000.10101000.0000001 1.11111110
Hosts/Net: 510


remaining
--
Network:   192.168.1.0/24        11000000.10101000.00000001 .00000000 (Class C)
Broadcast: 192.168.1.255         11000000.10101000.00000001 .11111111
HostMin:   192.168.1.1           11000000.10101000.00000001 .00000001
HostMax:   192.168.1.254         11000000.10101000.00000001 .11111110
Hosts/Net: 254